msg_num
1608
181
339
352
632
742
33671
767
832
1608
885
915
1052
1367
1359
1447
1454
1485
1523
1539
1542
1543
1545
1585
1619
1645
1648
1675
1699
1713
1716
1785
1808
1816
1820
1830
1835
1836
1839
1856
1868
1869
1870
1878
1879
1903
1932
1936
1940
1956
1983
1987
1995
2056
2126
2127
2144
2220
2230
2362
2559
2584
2633
2635
2764
2786
2793
2816
2865
3083
5726
3135
3136
3152
3297
3316
3489
3495
3557
3590
3618
3642
3647
3674
3720
3737
17735
3806
3910
3911
3935
3946
3983
4063
4133
4213
4249
4624
4631
4633
4635
4636
4746
4799
4796
4840
4947
4970
5228
5230
5280
5281
5282
5310
5313
5844
5351
5355
5367
5371
5456
5522
5539
5556
5597
5611
5613
5614
5682
5711
5721
5747
5809
5837
5865
5887
5908
6168
5963
5971
6044
6064
6068
6088
6136
6192
6264
6317
6358
6364
6611
6626
6641
6690
6720
6729
6731
6735
6762
6915
6982
7001
7014
7020
7047
7065
7099
7255
7319
7434
7605
7654
7842
7868
7877
7915
7932
7924
7934
8008
8018
8072
8080
8094
8190
8182
8235
8695
8711
8800
8831
8944
8945
8947
8954
8957
9292
9421
9511
9793
9988
9990
10089
10109
10096
10097
10098
10106
10113
10123
10150
10177
10180
10220
10306
10337
10353
10424
10474
10485
10500
10664
10848
11015
11160
11188
11194
11197
11202
11204
11298
11305
11327
11358
11436
11441
11540
11720
11806
11885
11939
11969
12125
12181
12614
13132
13483
13535
13747
13957
14068
14304
14576
14735
15172
15416
15528
15928
16198
16741
16818
17069
17248
17325
17469
17472
17474
17808
17828
17844
17858
17983
17985
18002
18139
18173
18200
18207
18340
18357
18405
18458
18532
18562
18592
18605
18622
18684
18693
18719
18729
18734
18771
18772
18774
18822
18824
19037
19047
19142
19171
19244
19275
19284
19536
19542
19601
19657
19682
19784
19758
19769
19771
19773
19774
19775
19776
19777
19778
19809
19811
19874
19929
20003
20045
20055
20093
20097
20142
17735
20212
20235
20298
20316
20378
20381
20538
20592
20659
20660
20654
20655
20674
20723
20743
20797
20802
20941
20959
20960
20969
20973
21002
21008
21018
21019
21144
21240
21256
21387
21389
21478
21490
21538
21653
21687
21777
21801
21871
21927
22016
22012
22074
22221
22276
22441
22448
22551
22554
22644
22880
23032
23180
23266
23291
23361
23432
23436
23509
23578
23650
23698
23797
23808
23810
23811
23816
23879
23942
23987
24132
24167
24191
24211
24217
24233
24219
24224
24227
24229
24231
24232
24235
24251
24284
24306
24319
24374
24387
24421
24451
24455
24458
24463
24464
24471
24472
24483
24484
24485
24487
24488
24490
24504
26003
24666
24794
24798
24857
24859
24920
24923
24925
24931
24944
24961
24967
25190
25029
25039
25154
25155
25163
25165
25200
25224
25265
25364
25365
25370
25382
25396
25430
25449
25452
25453
25468
25472
25477
25510
25513
25555
25594
25605
25710
25739
25760
25781
25800
25806
25831
25832
25875
25895
26004
26025
26030
26065
26278
26330
26353
26359
26432
26478
26488
26513
26514
26523
26569
26659
26701
26723
26856
26859
26932
27025
27040
27100
27114
27129
27182
27320
27381
27490
27501
27575
27659
27744
28133
28107
28136
28150
28153
28170
28236
28406
28649
28727
28793
28829
28830
28897
28920
28986
29002
29009
29026
29103
29118
29145
29146
29156
29256
29281
29308
29405
29494
29499
29537
29597
29615
29616
29654
29773
29781
29890
30187
30189
30199
30244
30271
30353
30595
30645
30666
30767
31045
31071
31109
31114
31117
31121
31124
31132
31147
31270
31305
31308
31373
31380
31483
31487
31500
31522
31523
31525
31541
31713
31924
32026
32032
32038
32239
32303
32312
32329
32349
32445
32627
32662
32680
32963
32907
33006
33007
33087
33197
33281
33319
33324
33487
33554
33556
33574
33690
33788
33803
33991
34002
34017
34147
34157
34180
34183
34184
34188
34193
34201
34208
34235
34305
34307
34328
34348
34439
34441
34489
34495
34496
34504
34505
34515
34547
34556
34598
34604
34748
34756
34761
34781
34813
34823
34824
34905
34911
34987
181
339
352
632
742
767
832
885
915
1052
1367
1359
1447
1454
1485
1523
1539
1542
1543
1545
1585
1619
1645
1648
1675
1699
1713
1716
1785
1808
1816
1820
1830
1835
1836
1839
1856
1868
1869
1870
1878
1879
1903
1932
1936
1940
1956
1983
1987
1995
2056
2126
2127
2144
2220
2230
2362
2559
2584
2633
2635
2764
2786
2793
2816
2865
3083
3135
3136
3152
3297
3316
3489
3495
3557
3590
5726
3618
3642
3647
3674
3720
3737
3806
3910
3911
3935
3946
3983
4063
4133
4213
4249
4624
4631
4633
4635
4636
4746
4799
4796
4840
4947
4970
5228
5230
5280
5281
5282
5310
5313
5844
5351
5355
5367
5371
5456
5522
5539
5556
5597
5611
5613
5614
5682
5711
5721
5747
5809
5837
5865
5887
5908
6168
5963
5971
6044
6064
6068
6088
6136
6192
6264
6317
6358
6364
6611
6626
6641
6690
6720
6729
6731
6735
6762
6915
6982
7001
7014
7020
7047
7065
7099
7255
7319
7434
7605
7654
7842
7868
7877
7915
7932
7924
7934
8008
8018
8072
8080
8094
8190
8182
8235
8695
8711
8800
8831
8944
8945
8947
8954
8957
9292
9421
9511
9793
9988
9990
10089
10109
10096
10097
10098
10106
10113
10123
10150
10177
10180
10220
10306
10337
10353
10424
10474
10485
10500
10664
10848
11015
11160
11188
11194
11197
11202
11204
11298
11305
11327
11358
11436
11441
11540
11720
11806
11885
11939
11969
12125
12181
12614
13132
13483
13535
13747
13957
14068
14304
14576
14735
15172
15416
15528
15928
16198
16741
16818
17069
17248
17325
17469
17472
17474
17808
17828
17844
17858
17983
17985
18002
18139
18173
18200
18207
18340
18357
18405
18458
18532
18562
18592
18605
18622
18684
18693
18719
18729
18734
18771
18772
18774
18822
18824
19037
19047
19142
19171
19244
19275
19284
19536
19542
19601
19657
19682
19784
19758
19769
19771
19773
19774
19775
19776
19777
19778
19809
19811
19874
19929
20003
20045
20055
20093
20097
20142
20212
20235
20298
20316
20378
20381
20538
20592
20654
20655
20659
20660
20674
20723
20743
20797
20802
20941
20959
20960
20969
20973
21002
21008
21018
21019
21144
21240
21256
21387
21389
21478
21490
21538
21653
21687
21777
21801
21871
21927
22016
22012
22074
22221
22276
22441
22448
22554
22551
22644
22880
23032
23180
23266
23291
23361
23432
23436
23509
23578
23650
23698
23797
23808
23810
23811
23816
23879
23942
23987
24132
24167
24191
24211
24217
24233
24219
24224
24227
24229
24231
24232
24235
24251
24284
24306
24319
24374
24387
24421
24451
24455
24458
24463
24464
24471
24472
24483
24484
24485
24487
24488
24490
24504
26003
24666
24794
24798
24857
24859
24920
24923
24925
24931
24944
24961
24967
25190
25029
25039
25154
25155
25163
25165
25200
25224
25265
25364
25365
25370
25382
25396
25430
25449
25452
25453
25468
25472
25477
25510
25513
25555
25594
25605
25710
25739
25760
25781
25800
25806
25831
25832
25875
25895
26004
26025
26030
26065
26278
26330
26353
26359
26432
26478
26488
26513
26514
26523
26569
26659
26701
26723
26856
26859
26932
27025
27040
27100
27114
27129
27182
27320
27381
27490
27501
27575
27659
27744
28133
28107
28136
28150
28153
28170
28236
28406
28649
28727
28793
28829
28830
28897
28920
28986
29002
29009
29026
29103
29118
29145
29146
29156
29256
29281
29308
29405
29494
29499
29537
29597
29615
29616
29654
29773
29781
29890
30187
30189
30199
30244
30271
30353
30595
30645
30666
30767
31045
31071
31109
31114
31117
31121
31124
31132
31147
31270
31305
31308
31373
31380
31483
31487
31500
31522
31523
31525
31541
31713
31924
32032
32026
32038
32239
32303
32312
32329
32349
32445
32627
32662
32680
32907
32963
33006
33007
33087
33197
33281
33319
33324
33487
33554
33556
33574
33671
33690
33788
33803
33991
34002
34017
34147
34157
34180
34183
34184
34188
34193
34201
34208
34235
34305
34307
34328
34348
34439
34441
34489
34495
34496
34504
34505
34515
34547
34556
34598
34604
34748
34756
34761
34781
34813
34823
34824
34905
34911
34987
